MEME version 5.5.0 (Wed Sep 7 14:18:26 2022 -0700)

ALPHABET= ACGT

strands: + -

Background letter frequencies (from uniform background):
A 0.25000 C 0.25000 G 0.25000 T 0.25000 

MOTIF Fur 

letter-probability matrix: alength= 4 w= 22 nsites= 24 E= 0
  0.250000	  0.041667	  0.458333	  0.250000	
  0.541667	  0.125000	  0.208333	  0.125000	
  0.333333	  0.125000	  0.083333	  0.458333	
  0.875000	  0.000000	  0.000000	  0.125000	
  0.625000	  0.000000	  0.000000	  0.375000	
  0.041667	  0.041667	  0.000000	  0.916667	
  0.000000	  0.041667	  0.958333	  0.000000	
  0.916667	  0.000000	  0.041667	  0.041667	
  0.208333	  0.000000	  0.208333	  0.583333	
  0.875000	  0.000000	  0.000000	  0.125000	
  0.875000	  0.041667	  0.000000	  0.083333	
  0.041667	  0.083333	  0.000000	  0.875000	
  0.000000	  0.791667	  0.000000	  0.208333	
  1.000000	  0.000000	  0.000000	  0.000000	
  0.041667	  0.000000	  0.041667	  0.916667	
  0.000000	  0.083333	  0.000000	  0.916667	
  0.666667	  0.083333	  0.000000	  0.250000	
  0.000000	  0.000000	  0.041667	  0.958333	
  0.041667	  0.958333	  0.000000	  0.000000	
  0.958333	  0.000000	  0.041667	  0.000000	
  0.541667	  0.083333	  0.041667	  0.333333	
  0.083333	  0.166667	  0.000000	  0.750000	

