CompId	NodeId	AlleleFreq	Pheno0Count	Pheno0TotalCount	Pheno1Count	Pheno1TotalCount	NACount	NATotalCount	Significant?	p-value	q-Value	EstEffect	WaldStat	Sequence	SequenceLength	Annotations(sep=~~~)
92	n27205	1	1	589	0	1441	0	0	No	NA	NA	NA	NA	GAATAAAAAATGTATATTTTGACCAAAAATGCCTTTATTTATGTATAAAAATCCA	55	TCH1516intergenic_2783095-2783271	
92	n27454	2	0	589	2	1441	0	0	No	NA	NA	NA	NA	GAATAAAAAAAGTATATTTTGACCCAAAATGCCTTTATTTA	41	TCH1516intergenic_2783095-2783271	
92	n28822	1	1	589	0	1441	0	0	No	NA	NA	NA	NA	ACCCAAAATGCCTTTATTTATGTATAAAAACCCATTATTA	40	TCH1516intergenic_2783095-2783271	
92	n28823	1525	87	589	1438	1441	0	0	Yes	4.404365e-10	4.441279e-08	1.537609e-01	-6.2661390034713	AAAATGCCTTTATTTATGTATAAAAATCCATTATTA	36	TCH1516intergenic_2783095-2783271~~~NCTC8325intergenic_2731511-2731687	
92	n28824	4	2	589	2	1441	0	0	No	NA	NA	NA	NA	CAAAATGCCTTTATTTATGTATAAAAATCCGTTATTATGTATTGTATAACAAAAAGATATG	61	TCH1516intergenic_2783095-2783271~~~NCTC8325intergenic_2731511-2731687	
92	n28825	1	0	589	1	1441	0	0	No	NA	NA	NA	NA	GACCCAAAATGCCTTTATTTATGTATAAAATCCATTATTATGTATTGTATAACAAA	56	TCH1516intergenic_2783095-2783271~~~NCTC8325intergenic_2731511-2731687	
92	n30476	1	1	589	0	1441	0	0	No	NA	NA	NA	NA	TGGATTTTTATACATAAATAAAGGCATTTTAGGTCAAAATATACATTTTTTATTC	55	TCH1516intergenic_2783095-2783271	
92	n30477	1	0	589	1	1441	0	0	No	NA	NA	NA	NA	TTTTTATACATAAATAAAGGCATTTTGGGTAAAAATATACATTTTTTATTCAAAAACACCC	61	TCH1516intergenic_2783095-2783271	
92	n30478	1523	88	589	1435	1441	0	0	No	6.957524e-01	9.998783e-01	-9.064306e-03	0.391780917835976	TAAATAAAGGCATTTTGGGTCAAAATATACATTTTT	36	TCH1516intergenic_2783095-2783271	
92	n30479	1	0	589	1	1441	0	0	No	NA	NA	NA	NA	ATAAATAAAGGCATTTTGGGTCAAAATATATATTTTTTATTCAAAAACACCCATAAAAACA	61	TCH1516intergenic_2783095-2783271	
92	n30480	1	0	589	1	1441	0	0	No	NA	NA	NA	NA	TTTTTATACATAAATAAAGGCATTTTGGGTTAAAATATACATTTTTTATTCAAAAACACCC	61	TCH1516intergenic_2783095-2783271	
92	n38833	1526	88	589	1438	1441	0	0	No	8.957134e-01	9.998783e-01	3.628136e-03	-0.131933369600317	TTTTATACATAAATAAAGGCATTTTGGGTCAAAATATA	38	TCH1516intergenic_2783095-2783271	
92	n39867	1527	87	589	1440	1441	0	0	Yes	2.921066e-12	3.467517e-10	2.095114e-01	-7.0430131564395	ACCCAAAATGCCTTTATTTATGTATAAAAATCC	33	TCH1516intergenic_2783095-2783271	
92	n41721	1525	88	589	1437	1441	0	0	No	6.054447e-01	9.998783e-01	-1.325668e-02	0.518272103136175	ATAAATAAAGGCATTTTGGGTCAAAATATAC	31	TCH1516intergenic_2783095-2783271	
92	n42213	1	0	589	1	1441	0	0	No	NA	NA	NA	NA	ATAAAGAAAGTCGAAAATTTCATATCTTTTCGTTATACAATACATAATAATGGATTTTTAT	61	TCH1516intergenic_2783095-2783271~~~NCTC8325intergenic_2731511-2731687	
92	n45257	1523	85	589	1438	1441	0	0	Yes	1.562559e-09	1.510456e-07	1.407127e-01	-6.06234648934791	CAAAATGCCTTTATTTATGTATAAAAATCCA	31	TCH1516intergenic_2783095-2783271	
92	n46470	1526	88	589	1438	1441	0	0	No	8.957134e-01	9.998783e-01	3.628136e-03	-0.131933369600317	TTTTTATACATAAATAAAGGCATTTTGGGTC	31	TCH1516intergenic_2783095-2783271	
92	n64866	1	1	589	0	1441	0	0	No	NA	NA	NA	NA	GAATAAAAAATGTATATTTTGACCAAAAATACCTTTATTTATGTATAAAAATCCA	55	NCTC8325intergenic_2731511-2731687	
92	n64867	1	1	589	0	1441	0	0	No	NA	NA	NA	NA	TGAATAAAAAATGTATATTTTGACCCAAAACACCTTTATTTATGTATAAAAATCCATTATT	61	TCH1516intergenic_2783095-2783271~~~NCTC8325intergenic_2731511-2731687	
92	n64869	1522	88	589	1434	1441	0	0	No	5.917649e-01	9.998783e-01	-1.174547e-02	0.537502883041856	AAAAAATGTATATTTTGACCCAAAATGCCTT	31	TCH1516intergenic_2783095-2783271	
92	n64870	1	1	589	0	1441	0	0	No	NA	NA	NA	NA	TTTTGAATAAAAAATGTATATTTTGACCCATAATACCTTTATTTATGTATAAAAATCCATT	61	NCTC8325intergenic_2731511-2731687	
92	n64871	1	1	589	0	1441	0	0	No	NA	NA	NA	NA	TTTTTGAATAAAAAATGTATATTTTGACCCCAAATACCTTTATTTATGTATAAAAATCCAT	61	NCTC8325intergenic_2731511-2731687	
92	n64872	1	1	589	0	1441	0	0	No	NA	NA	NA	NA	TTTTTGAATAAAAAATGTATATTTTGACCCGAAATACCTTTATTTATGTATAAAAATCCAT	61	NCTC8325intergenic_2731511-2731687	
92	n64873	2	2	589	0	1441	0	0	No	NA	NA	NA	NA	GAATAAAAAATGTATATTTTGACCTAAAATACCTTTATTTATGTATAAAAATCCA	55	NCTC8325intergenic_2731511-2731687	
92	n66367	1	0	589	1	1441	0	0	No	NA	NA	NA	NA	AAGGCATTTTGGGTCAAAATATACATTTTTATTCAAAAACACCCATAAAAACATG	55	TCH1516intergenic_2783095-2783271	
92	n66368	1	0	589	1	1441	0	0	No	NA	NA	NA	NA	AAGGCATTTTGGGTCAAAATATACATTTTTCATTCAAAAACACCCATAAAAACATGTTGTA	61	TCH1516intergenic_2783095-2783271~~~USA300HOU_RS14325;DBGWAS_general_tag=hypothetical_protein	
92	n66369	1518	90	589	1428	1441	0	0	No	2.684251e-02	8.314653e-01	4.277002e-02	-2.21788348572092	AAAATATACATTTTTTATTCAAAAACACCCATAAAAACA	39		
92	n66370	491	491	589	0	1441	0	0	No	7.119279e-01	9.998783e-01	-1.106243e-02	-0.370418997181952	GTCAAAATATACATTTTTTATTCAAAAATACCCA	34		
92	n66371	1	0	589	1	1441	0	0	No	NA	NA	NA	NA	TGGGTCAAAATATACATTTTTTATTCAAAACACCCATAAAAACATGTTGTATAAAG	56	USA300HOU_RS14325;DBGWAS_general_tag=hypothetical_protein	
92	n79962	3	3	589	0	1441	0	0	No	NA	NA	NA	NA	ATTTTAGGTCAAAATATACATTTTTTATTCAAAAA	35		
92	n80020	1	1	589	0	1441	0	0	No	NA	NA	NA	NA	ATTTTTGAATAAAAAATGTATATTTTGACCA	31		
92	n80021	487	487	589	0	1441	0	0	No	7.279100e-01	9.998783e-01	-8.715136e-03	-0.349498338354829	ATTTTTGAATAAAAAATGTATATTTTGACCC	31		
92	n80022	2	2	589	0	1441	0	0	No	NA	NA	NA	NA	ATTTTTGAATAAAAAATGTATATTTTGACCT	31		
92	n80025	2	2	589	0	1441	0	0	No	NA	NA	NA	NA	ATTTTTGGTCAAAATATACATTTTTTATTCAAAAA	35		
92	n80046	1998	571	589	1427	1441	0	0	No	NA	NA	NA	NA	ATTTTGGGTCAAAATATACATTTTTTATTCA	31		
92	n80983	1	1	589	0	1441	0	0	No	NA	NA	NA	NA	AGGTCAAAATATACATTTTTTATTCAAAAAC	31		
92	n81040	1516	90	589	1426	1441	0	0	No	4.796613e-02	9.998783e-01	3.543745e-02	-1.98112485003528	GGTCAAAATATACATTTTTTATTCAAAAACACCC	34		
92	n81840	490	490	589	0	1441	0	0	No	8.063899e-01	9.998783e-01	-6.924721e-03	-0.245905150295826	TATTTTTGAATAAAAAATGTATATTTTGACC	31		
92	n82031	1999	573	589	1426	1441	0	0	No	NA	NA	NA	NA	TTTTTGAATAAAAAATGTATATTTTGACCCA	31		
92	n82032	1999	572	589	1427	1441	0	0	No	NA	NA	NA	NA	TTTTGAATAAAAAATGTATATTTTGACCCAAAA	33		
92	n82097	1	1	589	0	1441	0	0	No	NA	NA	NA	NA	TGGTCAAAATATACATTTTTTATTCAAAAAC	31		
92	n82146	1514	88	589	1426	1441	0	0	No	4.369667e-02	9.998783e-01	3.495459e-02	-2.02093342722646	GTTTTTGAATAAAAAATGTATATTTTGACCC	31		
92	n82679	8	8	589	0	1441	0	0	No	NA	NA	NA	NA	CCTTTATTTATGTATAAAAACCCATTATTATGTATTGTATAACAAAAAGAT	51	TCH1516intergenic_2783095-2783271~~~NCTC8325intergenic_2731511-2731687	
92	n89391	7	7	589	0	1441	0	0	No	NA	NA	NA	NA	TAATAATGGGTTTTTATACATAAATAAAGGTATTTTGGGT	40	NCTC8325intergenic_2731511-2731687	
92	n102753	1	1	589	0	1441	0	0	No	NA	NA	NA	NA	ATTGTATAACAAAAAGATATGAAATTTTCGGCTTTCTTTATGTGAATATAATCACATGTAA	61	TCH1516intergenic_2783095-2783271~~~NCTC8325intergenic_2731511-2731687	
92	n109012	2024	586	589	1438	1441	0	0	No	NA	NA	NA	NA	TTACATGTGATTATATTCACATAAAGAAAGTCGA	34	TCH1516intergenic_2783095-2783271~~~NCTC8325intergenic_2731511-2731687	
92	n110505	2025	587	589	1438	1441	0	0	No	NA	NA	NA	NA	AGACAATCTTCAAACGCTTACATGTGATTATATTCACATAAAGAAAG	47	TCH1516intergenic_2783095-2783271~~~NCTC8325intergenic_2731511-2731687	
92	n112304	3	1	589	2	1441	0	0	No	NA	NA	NA	NA	ATTTTGGGTCAAAATATACTTTTTTTATTCAAAAA	35		
92	n165062	1	1	589	0	1441	0	0	No	NA	NA	NA	NA	ATACAATACATAATAATGGATTTTTATACAGTCAATTGAATGACTATGAA	50	TCH1516intergenic_2783095-2783271~~~NCTC8325intergenic_2731511-2731687~~~USA300HOU_RS14325;DBGWAS_general_tag=hypothetical_protein~~~SAOUHSC_A02811;DBGWAS_general_tag=hypothetical_protein	
92	n168883	2029	588	589	1441	1441	0	0	No	NA	NA	NA	NA	GAAAGAATTCATAGTCATTCAATTGACTGTATAAAAA	37	USA300HOU_RS14325;DBGWAS_general_tag=hypothetical_protein~~~SAOUHSC_A02811;DBGWAS_general_tag=hypothetical_protein	
92	n199286	1530	91	589	1439	1441	0	0	No	7.082206e-01	9.998783e-01	1.339566e-02	-0.375716055116891	TACAACATGTTTTTATGGGTGTTTTTGAATAAAAA	35	USA300HOU_RS14325;DBGWAS_general_tag=hypothetical_protein	
92	n204703	2	2	589	0	1441	0	0	No	NA	NA	NA	NA	TAAAGAAAGTCGAAAATTTCATATCTTTTTATTATACAATACATAATAATGGATTTTTATA	61	TCH1516intergenic_2783095-2783271~~~NCTC8325intergenic_2731511-2731687	
92	n204704	2025	586	589	1439	1441	0	0	No	NA	NA	NA	NA	CGAAAATTTCATATCTTTTTGTTATACAATACATAATAA	39	TCH1516intergenic_2783095-2783271~~~NCTC8325intergenic_2731511-2731687	
92	n204705	1	0	589	1	1441	0	0	No	NA	NA	NA	NA	AAAGTCGAAAATTTCATATCTTTTTGTTATGCAATACATAATAATGGATTTTTATACATAA	61	TCH1516intergenic_2783095-2783271~~~NCTC8325intergenic_2731511-2731687	
92	n204789	1519	90	589	1429	1441	0	0	No	5.234835e-03	2.117578e-01	5.584529e-02	-2.79705305482987	ATTTTTTATTCAAAAACACCCATAAAAACAT	31		
92	n205059	11	1	589	10	1441	0	0	No	NA	NA	NA	NA	ATGTTTTTATGGGTGTTTTTGAATAAAAAAA	31		
92	n205563	1530	91	589	1439	1441	0	0	No	7.082206e-01	9.998783e-01	1.339566e-02	-0.375716055116891	CATGTTTTTATGGGTGTTTTTGAATAAAAAA	31		
92	n228111	2027	587	589	1440	1441	0	0	No	NA	NA	NA	NA	AAAAAGATATGAAATTTTCGACTTTCTTTAT	31	TCH1516intergenic_2783095-2783271~~~NCTC8325intergenic_2731511-2731687	
92	n228761	1	1	589	0	1441	0	0	No	NA	NA	NA	NA	CACATAAAGAAAGTCGAAAATTTCATATCTCTTTGTTATACAATACATAATAATGGATTTT	61	TCH1516intergenic_2783095-2783271~~~NCTC8325intergenic_2731511-2731687	
92	n228935	2028	587	589	1441	1441	0	0	No	NA	NA	NA	NA	AAAAGATATGAAATTTTCGACTTTCTTTATGTG	33	TCH1516intergenic_2783095-2783271~~~NCTC8325intergenic_2731511-2731687	
92	n230539	2025	585	589	1440	1441	0	0	No	NA	NA	NA	NA	TAAAGAAAGTCGAAAATTTCATATCTTTTTGTTAT	35	TCH1516intergenic_2783095-2783271~~~NCTC8325intergenic_2731511-2731687	
92	n230771	2024	585	589	1439	1441	0	0	No	NA	NA	NA	NA	AAAGTCGAAAATTTCATATCTTTTTGTTATACAAT	35	TCH1516intergenic_2783095-2783271~~~NCTC8325intergenic_2731511-2731687	
92	n235125	2029	588	589	1441	1441	0	0	No	NA	NA	NA	NA	AGATATGAAATTTTCGACTTTCTTTATGTGAAT	33	TCH1516intergenic_2783095-2783271~~~NCTC8325intergenic_2731511-2731687	
92	n291263	2026	588	589	1438	1441	0	0	No	NA	NA	NA	NA	TAATCACATGTAAGCGTTTGAAGATTGTCTATACTCT	37	TCH1516intergenic_2783095-2783271~~~NCTC8325intergenic_2731511-2731687	
92	n337320	2014	577	589	1437	1441	0	0	No	NA	NA	NA	NA	ATAAAAATCCATTATTATGTATTGTATAACAAA	33	TCH1516intergenic_2783095-2783271~~~NCTC8325intergenic_2731511-2731687	
92	n337664	2013	576	589	1437	1441	0	0	No	NA	NA	NA	NA	AAAATCCATTATTATGTATTGTATAACAAAAAGAT	35	TCH1516intergenic_2783095-2783271~~~NCTC8325intergenic_2731511-2731687	
92	n339299	491	490	589	1	1441	0	0	No	8.834422e-01	9.998783e-01	-3.324452e-03	-0.14709879987416	AATAATGGATTTTTATACATAAATAAAGGTATT	33	TCH1516intergenic_2783095-2783271~~~NCTC8325intergenic_2731511-2731687	
92	n339312	2017	578	589	1439	1441	0	0	No	NA	NA	NA	NA	CAATACATAATAATGGATTTTTATACATAAATAAAGG	37	TCH1516intergenic_2783095-2783271~~~NCTC8325intergenic_2731511-2731687	
92	n340194	2016	578	589	1438	1441	0	0	No	NA	NA	NA	NA	ATACAATACATAATAATGGATTTTTATACATAA	33	TCH1516intergenic_2783095-2783271~~~NCTC8325intergenic_2731511-2731687	
92	n340527	492	491	589	1	1441	0	0	No	9.152005e-01	9.998783e-01	-2.505092e-03	-0.106971647789675	ACCTTTATTTATGTATAAAAATCCATTATTA	31	TCH1516intergenic_2783095-2783271~~~NCTC8325intergenic_2731511-2731687	
92	n342379	2015	577	589	1438	1441	0	0	No	NA	NA	NA	NA	TATAAAAATCCATTATTATGTATTGTATAAC	31	TCH1516intergenic_2783095-2783271~~~NCTC8325intergenic_2731511-2731687	
92	n342382	2017	579	589	1438	1441	0	0	No	NA	NA	NA	NA	TTATACAATACATAATAATGGATTTTTATACA	32	TCH1516intergenic_2783095-2783271~~~NCTC8325intergenic_2731511-2731687	
92	n362789	488	487	589	1	1441	0	0	No	8.474513e-01	9.998783e-01	-3.991988e-03	-0.192935317660353	AAAATACCTTTATTTATGTATAAAAATCCAT	31	NCTC8325intergenic_2731511-2731687	
92	n363255	490	489	589	1	1441	0	0	No	9.293902e-01	9.998783e-01	1.953610e-03	0.0884071632243289	AAATACCTTTATTTATGTATAAAAATCCATT	31	NCTC8325intergenic_2731511-2731687	
92	n366161	485	484	589	1	1441	0	0	No	7.805563e-01	9.998783e-01	-5.359491e-03	-0.279547392738276	CAAAATACCTTTATTTATGTATAAAAATCCA	31	NCTC8325intergenic_2731511-2731687	
92	n366678	491	490	589	1	1441	0	0	No	8.892249e-01	9.998783e-01	-3.254617e-03	-0.140218732497523	TTTTTATACATAAATAAAGGTATTTTGGGTC	31	NCTC8325intergenic_2731511-2731687	
92	n394886	2021	584	589	1437	1441	0	0	No	NA	NA	NA	NA	CATATCTTTTTGTTATACAATACATAATAATGG	33	TCH1516intergenic_2783095-2783271~~~NCTC8325intergenic_2731511-2731687	
